<?xml version="1.0" encoding="UTF-8" standalone="no" ?>
<SimscapeMultibodyImportXML version="2.0" xmlns="urn:mathworks:SimscapeMultibody:import" xmlns:xsi="http://www.w3.org/2001/XMLSchema-instance">
<Created by="Lvzongyang" on="09/04/20||09:10:53" using="Simscape Multibody Link Version 5.1" from="Autodesk Inventor 2015 (Build 190159000, 159)"/>
<ModelUnits mass="kilogram" length="millimeter"/>
<DataUnits mass="kilogram" length="centimeter"/>
<RootAssembly name="Tiltrotor.iam" uid="Tiltrotor.iam_{9A5C75B4-43A3-4C73-EB7A-0BAF6D2C1618}" version="{6A465CC2-CE7E-ADBA-1588-84520CA5027E}">
<AssemblyFile name="Tiltrotor.iam" type="Inventor Assembly"/>
<InstanceTree>
<Instance name="Dwonboard:1" grounded="true" uid="Dwonboard:1" entityUid="Dwonboard.ipt_{E544B230-4984-25B6-6192-678981C61749}">
<Transform>
<Rotation>-7.8288608336754811e-15 0.99999999999999978 -1.7325160479914385e-16 -0.99999999999999389 0 0 0 0 0.99999999999999378</Rotation>
<Translation>-3.1999999999999993 0 -0.11149999999999938</Translation>
</Transform>
</Instance>
<Instance name="Upboard:1" uid="Upboard:1" entityUid="Upboard.ipt_{A2448FB5-4D50-07C1-81CB-73A2A8C5D534}">
<Transform>
<Rotation>-7.8288608336754811e-15 0.99999999999999978 -1.7325160479914212e-16 -0.99999999999999289 -6.5936839321878453e-15 0 0 -2.6390539050842946e-16 0.99999999999998568</Rotation>
<Translation>1.2999999999999154 1.5316155232555542e-16 -2.511499999999967</Translation>
</Transform>
</Instance>
<Instance name="Frontarm:1" uid="Frontarm:1" entityUid="Frontarm.ipt_{D9B53B12-483C-1204-2C5C-5383D76EA0B4}">
<Transform>
<Rotation>0.70710678114244774 -2.7017141535824205e-16 -0.70710678123069337 -0.70710678123068138 0 -0.70710678114244752 0 0.99999999999999589 0</Rotation>
<Translation>0.81277334130887591 -4.4190156267060461 -1.0535036376176228</Translation>
</Transform>
</Instance>
<Instance name="Frontarm:2" uid="Frontarm:2" entityUid="Frontarm.ipt_{D9B53B12-483C-1204-2C5C-5383D76EA0B4}">
<Transform>
<Rotation>0.70710678118675641 1.371310335323448e-16 -0.70710678118631654 -0.70710678118630432 -3.2038979642441493e-16 -0.70710678118675618 3.1401849173684629e-16 0.99999999999999079 -3.1401849173665406e-16</Rotation>
<Translation>-0.38985600616861493 -5.6216449744922254 -1.0535036376176286</Translation>
</Transform>
</Instance>
<Instance name="Motor_base:1" uid="Motor_base:1" entityUid="Motor_base.ipt_{C769F32E-4F26-FF33-EBFE-2DBA3F2AC052}">
<Transform>
<Rotation>2.236593838770064e-13 1.0000000000000306 0 -1.000000000000028 2.23550150084613e-13 0 0 1.6653345369381357e-16 0.99999999999999722</Rotation>
<Translation>10.24175945899443 -15.192600267869912 1.6240964277614443</Translation>
</Transform>
</Instance>
<Instance name="Motor_base:2" uid="Motor_base:2" entityUid="Motor_base.ipt_{C769F32E-4F26-FF33-EBFE-2DBA3F2AC052}">
<Transform>
<Rotation>2.2238879601021242e-13 1.0000000000000888 -5.0848494595352115e-16 -1.0000000000000855 2.241114297849344e-13 2.7214449966146848e-16 0 4.4408920985011153e-16 0.99999999999998646</Rotation>
<Translation>10.241759458994498 -15.192600267869924 0.42409642776146034</Translation>
</Transform>
</Instance>
<Instance name="Frontarm:3" uid="Frontarm:3" entityUid="Frontarm.ipt_{D9B53B12-483C-1204-2C5C-5383D76EA0B4}">
<Transform>
<Rotation>0.70710678118650705 -3.3648426382944423e-16 0.70710678118661352 0.70710678118660286 0 -0.70710678118650239 1.8495683097059305e-15 0.99999999999999434 1.8495683097062066e-15</Rotation>
<Translation>0.67102456847270187 4.5603643966933385 -1.0535036376176263</Translation>
</Transform>
</Instance>
<Instance name="Frontarm:4" uid="Frontarm:4" entityUid="Frontarm.ipt_{D9B53B12-483C-1204-2C5C-5383D76EA0B4}">
<Transform>
<Rotation>0.70710678118607639 -5.5243700458976275e-16 0.70710678118697501 0.70710678118697112 3.0009884207107512e-16 -0.70710678118607073 1.9869513998395483e-15 0.99999999999998412 1.9869513998420781e-15</Rotation>
<Translation>-0.53105695954391685 5.7624459247102147 -1.0535036376176432</Translation>
</Transform>
</Instance>
<Instance name="Motor_base:3" uid="Motor_base:3" entityUid="Motor_base.ipt_{C769F32E-4F26-FF33-EBFE-2DBA3F2AC052}">
<Transform>
<Rotation>-6.7309272547916403e-13 0.99999999999997502 2.2859853464824897e-15 0.99999999999996969 6.7620313803467036e-13 0 0 2.5046622856591761e-15 -0.99999999999998224</Rotation>
<Translation>10.241979861847273 15.191979861860501 0.62409642776145724</Translation>
</Transform>
</Instance>
<Instance name="Motor_base:4" uid="Motor_base:4" entityUid="Motor_base.ipt_{C769F32E-4F26-FF33-EBFE-2DBA3F2AC052}">
<Transform>
<Rotation>-6.9950989445276905e-13 0.99999999999986289 1.3024288176116372e-16 0.99999999999985334 6.5382421698945123e-13 1.3867986432457905e-15 0 2.3570164993425383e-16 -0.9999999999999869</Rotation>
<Translation>10.241979861846996 15.191979861860313 1.8240964277614102</Translation>
</Transform>
</Instance>
<Instance name="Behindplate:1" uid="Behindplate:1" entityUid="Behindplate.ipt_{C18C9219-4512-8C27-7002-C9BB213C06C1}">
<Transform>
<Rotation>-0.99999999999999956 -1.3340561396183145e-15 -1.490302096250455e-16 0 -0.99999999999999911 0 0 0 0.99999999999999756</Rotation>
<Translation>-14.844827862340184 -0.0025000000425012825 -1.3714999999998512</Translation>
</Transform>
</Instance>
<Instance name="Behindarm:1" uid="Behindarm:1" entityUid="Behindarm.ipt_{B84C2B03-4AD9-085E-1B34-74BAC28B7913}">
<Transform>
<Rotation>-0.99999999999999611 -1.3883618196799203e-16 7.9273063909371144e-15 6.5923828895808651e-15 0 0.999999999999998 0 0.99999999999999234 0</Rotation>
<Translation>-6.3053222766751595 0.80000000000001625 -1.0535036376176463</Translation>
</Transform>
</Instance>
<Instance name="Behindarm:2" uid="Behindarm:2" entityUid="Behindarm.ipt_{B84C2B03-4AD9-085E-1B34-74BAC28B7913}">
<Transform>
<Rotation>-0.99999999999999978 -1.3883554893093877e-16 1.3340561396183135e-15 0 0 0.99999999999999911 0 0.99999999999999756 0</Rotation>
<Translation>-6.3053222766751604 -1.0000000000425384 -1.0535036376176514</Translation>
</Transform>
</Instance>
<Instance name="Tiltmodule_right:1" uid="Tiltmodule_right:1" entityUid="Tiltmodule_right.iam_{A1DCD236-4BD2-875B-C034-C6A6D2A9D8C8}" rigid="true">
<Transform>
<Rotation>-8.3358975294661307e-13 2.6226572371820674e-15 -0.99999999999999978 0.99999999999999933 -1.094473096358727e-15 -8.3536951062329685e-13 -4.144614937779956e-16 -0.99999999999999845 -2.5046622856592427e-15</Rotation>
<Translation>11.341979873999373 12.271458190357716 -2.472556672567237</Translation>
</Transform>
<Instance name="Tiltbase_stator:1" grounded="true" uid="Tiltbase_stator:1" entityUid="Tiltbase_stator.ipt_{45ADC270-424A-44D4-CAC9-36B66333B5C6}">
<Transform>
<Rotation>1.5970558209232877e-13 0.99999999999999889 4.1446149377590606e-16 0 -4.1446149377590576e-16 1 0.99999999999999889 -1.5970558209232877e-13 0</Rotation>
<Translation>1.1205216715036368 -2.896653100328705 1.1000000121499465</Translation>
</Transform>
</Instance>
<Instance name="Servobase:1" uid="Servobase:1" entityUid="Servobase.ipt_{279EE46F-40E4-8499-B958-DA946F8CE4D3}">
<Transform>
<Rotation>1.5970558209232877e-13 2.5093876740543029e-16 -0.99999999999999856 0 0.99999999999999867 2.509387674054295e-16 0.99999999999999845 0 1.5970558209232877e-13</Rotation>
<Translation>-1.1794783284966179 -2.2966531003287045 -0.49999998784968369</Translation>
</Transform>
</Instance>
<Instance name="Servo:1" uid="Servo:1" entityUid="Servo.ipt_{54BFD81D-492C-AB30-6C57-7295C885A07E}">
<Transform>
<Rotation>-1.5970558209232847e-13 5.3692617369069258e-16 0.99999999999999944 0 0.99999999999999711 -5.3692617369059446e-16 -0.99999999999999689 0 -1.5970558209232978e-13</Rotation>
<Translation>-3.6794783284958665 -1.9966531003287042 4.2000000121507028</Translation>
</Transform>
</Instance>
</Instance>
<Instance name="Tiltmodule_left:1" uid="Tiltmodule_left:1" entityUid="Tiltmodule_left.iam_{743596F3-4339-0B1E-0B8C-7FB7EE26CE99}" rigid="true">
<Transform>
<Rotation>3.8129805085315606e-13 0 1.0000000000000013 -0.99999999999999956 3.6436159903929509e-16 3.8163290584709576e-13 -4.1446149377573818e-16 -0.99999999999999811 4.4408920985007149e-16</Rotation>
<Translation>27.735469159617349 -12.995349721551362 -0.047324886212660566</Translation>
</Transform>
<Instance name="Tiltbase_stator:1" grounded="true" uid="Tiltbase_stator:1" entityUid="Tiltbase_stator.ipt_{45ADC270-424A-44D4-CAC9-36B66333B5C6}">
<Transform>
<Rotation>1.5970558209232879e-13 0.99999999999999889 4.1446149377590606e-16 0 -4.1446149377590571e-16 1 0.999999999999999 -1.5970558209232874e-13 0</Rotation>
<Translation>0.39725054631206724 -0.47142131397412956 -17.49370970062337</Translation>
</Transform>
</Instance>
<Instance name="Servobase:1" uid="Servobase:1" entityUid="Servobase.ipt_{279EE46F-40E4-8499-B958-DA946F8CE4D3}">
<Transform>
<Rotation>-1.6225907455329597e-13 4.1717195517876325e-16 1.0000000000000087 0 1.0000000000000107 -4.1446149377599051e-16 -1.0000000000000004 0 -1.5970558209233041e-13</Rotation>
<Translation>-3.9027494536876688 0.12857868602587227 -15.893709700622683</Translation>
</Transform>
</Instance>
<Instance name="Servo:1" uid="Servo:1" entityUid="Servo.ipt_{54BFD81D-492C-AB30-6C57-7295C885A07E}">
<Transform>
<Rotation>1.5970558209232892e-13 -4.1446149377605318e-16 1 0 -1 -4.1446149377605303e-16 1 0 -1.5970558209232897e-13</Rotation>
<Translation>-4.4027494536884024 2.3285786860258773 -20.5937097006226</Translation>
</Transform>
</Instance>
</Instance>
<Instance name="Behindshelf:1" uid="Behindshelf:1" entityUid="Behindshelf.ipt_{E629D0C5-40FC-786F-4297-19976565A9C0}">
<Transform>
<Rotation>-3.1832595603331439e-06 0.99999999999493938 -1.388355489309388e-16 -0.99999999999493205 -3.183259558999056e-06 0 0 0 0.99999999999999756</Rotation>
<Translation>-6.944831045559642 -3.1832570254586971e-06 0.088499999999999385</Translation>
</Transform>
</Instance>
<Instance name="Frontshelf_right:1" uid="Frontshelf_right:1" entityUid="Frontshelf_right.ipt_{B434155E-4D33-79B5-A715-14920DA6E7B5}">
<Transform>
<Rotation>2.2192799302532362e-13 0.99999999999999978 1.1905403597281782e-15 -0.99999999999999944 2.2470533867343819e-13 2.6297785106828879e-15 0 0 0.99999999999999434</Rotation>
<Translation>11.443840987011029 -12.09260026786955 1.8240964277614444</Translation>
</Transform>
</Instance>
<Instance name="Frontshelf_left:1" uid="Frontshelf_left:1" entityUid="Frontshelf_left.ipt_{69DAF5EE-495C-E191-C640-2C8A860DA039}">
<Transform>
<Rotation>-6.5225808621495613e-13 0.99999999999999978 4.6001188879437482e-16 0.99999999999999734 6.5410562007994923e-13 7.1256134336287592e-16 0 2.8427390726163214e-16 -0.999999999999996</Rotation>
<Translation>11.444061389866256 12.091979861861541 1.8240964277614105</Translation>
</Transform>
</Instance>
<Instance name="Distriboard:1" uid="Distriboard:1" entityUid="Distriboard.iam_{BD5735CD-4C70-D467-0D9F-EFBC48BB185A}" rigid="true">
<Transform>
<Rotation>1.9151347174783941e-14 -0.99999999999999933 -1.2506984157749781e-16 -0.99999999999999856 -2.0485403314402256e-14 0 0 2.6390539050842324e-16 -0.99999999999999756</Rotation>
<Translation>-3.409960655399519 2.1618613275632343 -3.3114999999999641</Translation>
</Transform>
<Instance name="Distriboard:1" grounded="true" uid="Distriboard:1" entityUid="Distriboard.ipt_{AA8E9C21-43FC-5367-46C7-0CA487240BA8}">
<Transform>
<Rotation>1 0 0 0 1 0 0 0 1</Rotation>
<Translation>2.1528750613766245 -4.805954293428325 -0.099999999999999201</Translation>
</Transform>
</Instance>
<Instance name="Distriboard_screw:1" uid="Distriboard_screw:1" entityUid="Distriboard_screw.ipt_{06772EFE-437D-266E-FEC2-69878B37C3BE}">
<Transform>
<Rotation>1 0 0 0 -1 0 0 0 -1</Rotation>
<Translation>4.4028750613766245 -7.055954293428325 -0.099999999999999201</Translation>
</Transform>
</Instance>
<Instance name="Distriboard_screw:2" uid="Distriboard_screw:2" entityUid="Distriboard_screw.ipt_{06772EFE-437D-266E-FEC2-69878B37C3BE}">
<Transform>
<Rotation>1 0 0 0 -1 0 0 0 -1</Rotation>
<Translation>-0.097124938623375456 -2.5559542934283255 -0.099999999999999201</Translation>
</Transform>
</Instance>
<Instance name="Distriboard_screw:3" uid="Distriboard_screw:3" entityUid="Distriboard_screw.ipt_{06772EFE-437D-266E-FEC2-69878B37C3BE}">
<Transform>
<Rotation>1 0 0 0 -1 0 0 0 -1</Rotation>
<Translation>4.4028750613766254 -2.5559542934283255 -0.099999999999999201</Translation>
</Transform>
</Instance>
<Instance name="Distriboard_screw:4" uid="Distriboard_screw:4" entityUid="Distriboard_screw.ipt_{06772EFE-437D-266E-FEC2-69878B37C3BE}">
<Transform>
<Rotation>1 0 0 0 -1 0 0 0 -1</Rotation>
<Translation>-0.097124938623375456 -7.055954293428325 -0.099999999999999201</Translation>
</Transform>
</Instance>
<Instance name="Distriboard_outterscrew:1" uid="Distriboard_outterscrew:1" entityUid="Distriboard_outterscrew.ipt_{06772EFE-437D-266E-FEC2-69878B37C3BE}">
<Transform>
<Rotation>1 0 0 0 -1 0 0 0 -1</Rotation>
<Translation>-0.097124938623375456 -7.055954293428325 0.30000000000000071</Translation>
</Transform>
</Instance>
<Instance name="Distriboard_outterscrew:2" uid="Distriboard_outterscrew:2" entityUid="Distriboard_outterscrew.ipt_{06772EFE-437D-266E-FEC2-69878B37C3BE}">
<Transform>
<Rotation>1 0 0 0 -1 0 0 0 -1</Rotation>
<Translation>4.4028750613766254 -2.5559542934283255 0.30000000000000071</Translation>
</Transform>
</Instance>
<Instance name="Distriboard_outterscrew:3" uid="Distriboard_outterscrew:3" entityUid="Distriboard_outterscrew.ipt_{06772EFE-437D-266E-FEC2-69878B37C3BE}">
<Transform>
<Rotation>1 0 0 0 -1 0 0 0 -1</Rotation>
<Translation>-0.097124938623375456 -2.5559542934283255 0.30000000000000071</Translation>
</Transform>
</Instance>
<Instance name="Distriboard_outterscrew:4" uid="Distriboard_outterscrew:4" entityUid="Distriboard_outterscrew.ipt_{06772EFE-437D-266E-FEC2-69878B37C3BE}">
<Transform>
<Rotation>1 0 0 0 -1 0 0 0 -1</Rotation>
<Translation>4.4028750613766245 -7.055954293428325 0.30000000000000071</Translation>
</Transform>
</Instance>
</Instance>
<Instance name="Controller:1" uid="Controller:1" entityUid="Controller.ipt_{A91CB202-4091-521C-6C18-988FF45E1FD2}">
<Transform>
<Rotation>7.8288608336755268e-15 0.99999999999999978 -1.2506984157748257e-16 0.99999999999999911 -6.4948046940572115e-15 0 0 -2.6390539050842334e-16 -0.99999999999999756</Rotation>
<Translation>-5.9448278622975632 -1.8546179659141067 -2.5114999999999652</Translation>
</Transform>
</Instance>
<Instance name="battery:1" uid="battery:1" entityUid="battery.ipt_{7D99297A-4F6B-B4BD-1001-1BB1B490A422}">
<Transform>
<Rotation>-0.99999999999999978 -1.3340559386688074e-15 -1.3883554893093912e-16 0 -0.99999999999999911 0 0 0 0.99999999999999756</Rotation>
<Translation>5.8497174908104181 1.6093895979492021 0.088499999999999385</Translation>
</Transform>
</Instance>
<Instance name="Behindmotor_stator:1" uid="Behindmotor_stator:1" entityUid="Behindmotor_stator.ipt_{749D0E4B-418C-A7A1-4461-8DB52EBBA993}">
<Transform>
<Rotation>0.70710678118654591 -0.70710678118654691 5.8857182875688575e-16 -0.70710678118654624 -0.70710678118654435 -1.4311000184123475e-16 3.3409753420554972e-16 -3.3405972845317718e-16 -1</Rotation>
<Translation>-21.544827862340185 -0.0025000000425013697 -1.3714999999998543</Translation>
</Transform>
</Instance>
<Instance name="Behindmotormodule:1" uid="Behindmotormodule:1" entityUid="Behindmotormodule.iam_{6E9DDB27-4B1D-2CED-421C-A782876AF69A}" rigid="true">
<Transform>
<Rotation>0.9235890135152296 0.3833840556334685 8.6829085830292136e-16 0.38338405563346845 -0.92358901351522971 -3.5029203227483296e-16 6.0506010238532102e-16 2.654491556955825e-16 -1.000000000000002</Rotation>
<Translation>-20.163403582715407 -0.066906914301425799 -2.554896348227258</Translation>
</Transform>
<Instance name="Behindmotor_rotor:1" uid="Behindmotor_rotor:1" entityUid="Behindmotor_rotor.ipt_{FA3F781A-4AA7-37C2-0FC2-5B870A4A216E}">
<Transform>
<Rotation>1.1697469913708804e-15 0.87063668785444615 -0.49192657761277181 0 0.49192657761277131 0.87063668785444426 0.99999999999998845 -1.0482923330175853e-15 1.4056528483343216e-16</Rotation>
<Translation>-1.2511757036652078 -0.58910156127705271 -0.33339634822740338</Translation>
</Transform>
</Instance>
<Instance name="Rotor_200_MIR:1" uid="Rotor_200_MIR:1" entityUid="Rotor_200_MIR.ipt_{6A467592-4ECE-AD9F-B26C-78823B084E43}">
<Transform>
<Rotation>-0.49192657761277769 0.8706366878544568 -1.0635082753183207e-15 0.8706366878544568 0.49192657761277769 -3.7569235783249734e-16 1.4056528483343305e-16 -1.0482923330175986e-15 -0.99999999999999978</Rotation>
<Translation>-1.2511757036652078 -0.58910156127705093 1.0131036517725858</Translation>
</Transform>
</Instance>
</Instance>
<Instance name="Coaxialmotor:1" uid="Coaxialmotor:1" entityUid="Coaxialmotor.iam_{3F2AF985-42A5-F43B-5702-12A30E770D0C}" rigid="true">
<Transform>
<Rotation>0.70710678118670356 -0.70710678118638892 1.3322676295501871e-15 -0.70710678118638914 -0.70710678118670423 -2.8593204042991484e-15 2.4305080820102583e-15 1.1815071793069641e-15 -0.999999999999997</Rotation>
<Translation>10.241759458994512 -15.19260026787013 -3.2259035722385323</Translation>
</Transform>
<Instance name="Coaxialmotor_base:1" uid="Coaxialmotor_base:1" entityUid="Coaxialmotor_base.ipt_{59CE17D2-46AA-73B7-7D70-73BD3D570D52}">
<Transform>
<Rotation>1 0 0 0 1 0 0 0 0.99999999999999989</Rotation>
<Translation>3.5527136788005009e-15 1.3322676295501878e-15 2.5999999999999983</Translation>
</Transform>
</Instance>
<Instance name="Tiltbase_rotor:1" uid="Tiltbase_rotor:1" entityUid="Tiltbase_rotor.ipt_{4C922DAC-403B-D486-F12C-8588E1D4BB57}">
<Transform>
<Rotation>0.70710678118654824 -2.8848575591431055e-15 -0.70710678118654635 -0.70710678118654713 -1.0879801851773002e-15 -0.70710678118654591 0 1.0000000000000007 0</Rotation>
<Translation>0.63639610306788086 1.6263455967290574 -8.8817841970012523e-16</Translation>
</Transform>
</Instance>
</Instance>
<Instance name="Coaxialmotor:2" uid="Coaxialmotor:2" entityUid="Coaxialmotor.iam_{3F2AF985-42A5-F43B-5702-12A30E770D0C}" rigid="true">
<Transform>
<Rotation>-0.70710678118702741 0.7071067811860684 1.360023205165477e-15 0.70710678118606829 0.70710678118702508 2.1292089069791391e-15 -1.1606598072378909e-16 2.2639746283161787e-15 -0.99999999999999911</Rotation>
<Translation>10.241979861847263 15.191979861860435 -3.2259035722385292</Translation>
</Transform>
<Instance name="Coaxialmotor_base:1" uid="Coaxialmotor_base:1" entityUid="Coaxialmotor_base.ipt_{59CE17D2-46AA-73B7-7D70-73BD3D570D52}">
<Transform>
<Rotation>1 0 0 0 1 0 0 0 1</Rotation>
<Translation>1.3322676295501878e-15 0 2.6000000000000001</Translation>
</Transform>
</Instance>
<Instance name="Tiltbase_rotor:1" uid="Tiltbase_rotor:1" entityUid="Tiltbase_rotor.ipt_{4C922DAC-403B-D486-F12C-8588E1D4BB57}">
<Transform>
<Rotation>0.70710678118654835 -2.8848575591431051e-15 -0.70710678118654635 -0.70710678118654724 -1.0879801851773008e-15 -0.70710678118654591 0 1.0000000000000009 0</Rotation>
<Translation>0.63639610306787997 1.6263455967290561 -4.4408920985006262e-16</Translation>
</Transform>
</Instance>
</Instance>
<Instance name="Coaxialmotor_uprotor_left:1" uid="Coaxialmotor_uprotor_left:1" entityUid="Coaxialmotor_uprotor_left.iam_{3F2AF985-42A5-F43B-5702-12A30E770D0C}" rigid="true">
<Transform>
<Rotation>1 0 1.7663540160203786e-15 0 -1 -2.5540804850265142e-15 1.7663540160203786e-15 2.5540804850265142e-15 -1</Rotation>
<Translation>10.241759458994521 -15.192600267870139 -3.225903572238507</Translation>
</Transform>
<Instance name="Coaxialmotor_dowm:1" grounded="true" uid="Coaxialmotor_dowm:1" entityUid="Coaxialmotor_dowm.ipt_{44237400-4686-1625-2097-2F8B1B9D9908}">
<Transform>
<Rotation>0.056091202168585673 2.2514451119614656e-16 -0.99842564922946275 0.99842564922946297 -2.350432717757099e-16 0.056091202168585652 0 -0.99999999999999956 0</Rotation>
<Translation>-1.7763568394002505e-15 1.7763568394002505e-15 2.4499999999999993</Translation>
</Transform>
</Instance>
<Instance name="Coaxialmotor_upcover:1" uid="Coaxialmotor_upcover:1" entityUid="Coaxialmotor_upcover.ipt_{B52A383E-4846-BAC3-A891-EDB5BCFEE7EB}">
<Transform>
<Rotation>-0.9984256492294632 5.6689749329666852e-16 0.056091202168585694 0.056091202168585721 8.0280038673425694e-16 0.9984256492294632 1.2490009027033003e-15 0.99999999999999933 0</Rotation>
<Translation>-3.5527136788005009e-15 1.7763568394002505e-15 5.900000000000003</Translation>
</Transform>
</Instance>
<Instance name="Rotor_200_MIR:1" uid="Rotor_200_MIR:1" entityUid="Rotor_200_MIR.ipt_{6A467592-4ECE-AD9F-B26C-78823B084E43}">
<Transform>
<Rotation>-0.99842564922946719 0.056091202168585916 0 0.056091202168585916 0.99842564922946719 0 0 0 -1</Rotation>
<Translation>0 1.7763568394002505e-15 6.8965000000000023</Translation>
</Transform>
</Instance>
</Instance>
<Instance name="Coaxialmotor_downrotor_left:1" uid="Coaxialmotor_downrotor_left:1" entityUid="Coaxialmotor_downrotor_left.iam_{3F2AF985-42A5-F43B-5702-12A30E770D0C}" rigid="true">
<Transform>
<Rotation>1 0 1.7663540160203786e-15 0 -1 -2.6373472118734009e-15 1.7663540160203786e-15 2.6373472118734009e-15 -1</Rotation>
<Translation>10.562336796180206 -15.074279765115604 -3.8765008060320323</Translation>
</Transform>
<Instance name="Coaxialmotor_up:1" grounded="true" uid="Coaxialmotor_up:1" entityUid="Coaxialmotor_up.ipt_{44237400-4686-1625-2097-2F8B1B9D9908}">
<Transform>
<Rotation>0.99985492745390936 -8.4173398801795625e-16 -0.017033028096526358 -0.017033028096528534 3.4100464203790517e-16 -0.99985492745391069 0 0.99999999999999711 0</Rotation>
<Translation>-0.32057733718568571 0.11832050275453732 2.3494027662064871</Translation>
</Transform>
</Instance>
<Instance name="Coaxialmotor_downcover:1" uid="Coaxialmotor_downcover:1" entityUid="Coaxialmotor_downcover.ipt_{4464652E-4CFA-3511-0F86-2FA47B969087}">
<Transform>
<Rotation>-0.017033028096526341 0 -0.99985492745390947 -0.99985492745390936 0 0.017033028096526914 0 0.99999999999999778 0</Rotation>
<Translation>-0.32057733718568748 0.11832050275453732 3.9494027662064832</Translation>
</Transform>
</Instance>
<Instance name="Rotor_200:1" uid="Rotor_200:1" entityUid="Rotor_200.ipt_{EB250C1A-4D35-A15D-7681-89B50F88A3DB}">
<Transform>
<Rotation>-0.99985492745390958 -0.017033028096526348 0 0.017033028096526345 -0.99985492745390991 0 0 0 1</Rotation>
<Translation>-0.32057733718568748 0.11832050275453732 4.3995027662064832</Translation>
</Transform>
</Instance>
</Instance>
<Instance name="Coaxialmotor_uprotor_right:1" uid="Coaxialmotor_uprotor_right:1" entityUid="Coaxialmotor_uprotor_right.iam_{3F2AF985-42A5-F43B-5702-12A30E770D0C}" rigid="true">
<Transform>
<Rotation>1 0 3.365885708300986e-15 0 -1 1.5188007700829477e-15 3.365885708300986e-15 -1.5188007700829477e-15 -1</Rotation>
<Translation>10.241979861847268 15.191979861860442 -3.2259035722385176</Translation>
</Transform>
<Instance name="Coaxialmotor_dowm:1" grounded="true" uid="Coaxialmotor_dowm:1" entityUid="Coaxialmotor_dowm.ipt_{44237400-4686-1625-2097-2F8B1B9D9908}">
<Transform>
<Rotation>0.056091202168585673 2.2514451119614656e-16 -0.99842564922946275 0.99842564922946297 -2.350432717757099e-16 0.056091202168585652 0 -0.99999999999999956 0</Rotation>
<Translation>0 0 2.4499999999999993</Translation>
</Transform>
</Instance>
<Instance name="Coaxialmotor_upcover:1" uid="Coaxialmotor_upcover:1" entityUid="Coaxialmotor_upcover.ipt_{B52A383E-4846-BAC3-A891-EDB5BCFEE7EB}">
<Transform>
<Rotation>-0.9984256492294632 5.6689749329666891e-16 0.056091202168585694 0.056091202168585721 8.0280038673425694e-16 0.9984256492294632 1.2490009027033003e-15 0.99999999999999933 0</Rotation>
<Translation>-1.7763568394002505e-15 1.7763568394002505e-15 5.9000000000000021</Translation>
</Transform>
</Instance>
<Instance name="Rotor_200:1" uid="Rotor_200:1" entityUid="Rotor_200.ipt_{EB250C1A-4D35-A15D-7681-89B50F88A3DB}">
<Transform>
<Rotation>0.99842564922946464 0.056091202168585944 0 -0.056091202168585971 0.99842564922946764 0 0 0 1</Rotation>
<Translation>0 1.7763568394002505e-15 6.9001000000000037</Translation>
</Transform>
</Instance>
</Instance>
<Instance name="Coaxialmotor_downrotor_right:1" uid="Coaxialmotor_downrotor_right:1" entityUid="Coaxialmotor_downrotor_right.iam_{3F2AF985-42A5-F43B-5702-12A30E770D0C}" rigid="true">
<Transform>
<Rotation>1 0 3.365885708300986e-15 0 -1 1.4355340432360606e-15 3.365885708300986e-15 -1.4355340432360606e-15 -1</Rotation>
<Translation>10.562557199032957 15.310300364614976 -3.8765008060320367</Translation>
</Transform>
<Instance name="Coaxialmotor_up:1" grounded="true" uid="Coaxialmotor_up:1" entityUid="Coaxialmotor_up.ipt_{44237400-4686-1625-2097-2F8B1B9D9908}">
<Transform>
<Rotation>0.99985492745390936 -8.4173398801795625e-16 -0.017033028096526358 -0.017033028096528534 3.4100464203790537e-16 -0.99985492745391069 0 0.99999999999999711 0</Rotation>
<Translation>-0.32057733718568748 0.11832050275453554 2.3494027662064871</Translation>
</Transform>
</Instance>
<Instance name="Coaxialmotor_downcover:1" uid="Coaxialmotor_downcover:1" entityUid="Coaxialmotor_downcover.ipt_{4464652E-4CFA-3511-0F86-2FA47B969087}">
<Transform>
<Rotation>-0.017033028096526407 0 -0.99985492745390947 -0.99985492745390936 0 0.01703302809652698 0 0.99999999999999778 0</Rotation>
<Translation>-0.32057733718568748 0.11832050275453732 3.9494027662064832</Translation>
</Transform>
</Instance>
<Instance name="Rotor_200_MIR:1" uid="Rotor_200_MIR:1" entityUid="Rotor_200_MIR.ipt_{6A467592-4ECE-AD9F-B26C-78823B084E43}">
<Transform>
<Rotation>-0.9998549274539088 0.017033028096526362 2.2432089862644859e-15 0.017033028096526272 0.99985492745391036 0 0 0 -1.0000000000000002</Rotation>
<Translation>-0.32057733718568926 0.11832050275453732 4.3959027662064827</Translation>
</Transform>
</Instance>
</Instance>
</InstanceTree>
<Constraints>
<Coincident name="表面齐平:1">
<ConstraintGeometry geomType="plane">
<InstancePath>
<Uid>Upboard:1</Uid>
</InstancePath>
<Position>-0.90999999999978365 -10.744827862297466 -4.4408920985006262e-16</Position>
<Axis>-1.2351769014876973e-15 -1.0000000000000002 0</Axis>
</ConstraintGeometry>
<ConstraintGeometry geomType="plane">
<InstancePath>
<Uid>Dwonboard:1</Uid>
</InstancePath>
<Position>-0.91000000000000003 -6.2448278622975524 0</Position>
<Axis>-7.8288608336755773e-15 -1.0000000000000002 0</Axis>
</ConstraintGeometry>
</Coincident>
<Distance name="配合:28">
<ConstraintGeometry geomType="plane">
<InstancePath>
<Uid>Upboard:1</Uid>
</InstancePath>
<Position>2.8686433428734035e-05 -1.9700916721848181 0.20000000000000329</Position>
<Axis>0 4.3715699530757404e-16 1.0000000000000144</Axis>
</ConstraintGeometry>
<ConstraintGeometry geomType="plane">
<InstancePath>
<Uid>Dwonboard:1</Uid>
</InstancePath>
<Position>-3.2748098541456007e-06 2.0897588657324251 0</Position>
<Axis>0 1.7325160479914451e-16 1.0000000000000062</Axis>
</ConstraintGeometry>
</Distance>
<Coincident name="表面齐平:2">
<ConstraintGeometry geomType="plane">
<InstancePath>
<Uid>Dwonboard:1</Uid>
</InstancePath>
<Position>0 0 0</Position>
<Axis>1.0000000000000062 7.8288608336755316e-15 0</Axis>
</ConstraintGeometry>
<ConstraintGeometry geomType="plane">
<InstancePath>
<Uid>Upboard:1</Uid>
</InstancePath>
<Position>0 -2.2204460492503131e-16 0</Position>
<Axis>1.0000000000000071 1.2351769014876909e-15 0</Axis>
</ConstraintGeometry>
</Coincident>
<Coincident name="配合:29">
<ConstraintGeometry geomType="plane">
<InstancePath>
<Uid>Behindarm:2</Uid>
</InstancePath>
<Position>1.8395055856650337 0.94200363761765682 0</Position>
<Axis>-1.3883554893093919e-16 1.0000000000000024 0</Axis>
</ConstraintGeometry>
<ConstraintGeometry geomType="plane">
<InstancePath>
<Uid>Dwonboard:1</Uid>
</InstancePath>
<Position>-3.2748098541456007e-06 2.0897588657324251 0</Position>
<Axis>0 1.7325160479914451e-16 1.0000000000000062</Axis>
</ConstraintGeometry>
</Coincident>
<Coincident name="配合:30">
<ConstraintGeometry geomType="plane">
<InstancePath>
<Uid>Behindarm:2</Uid>
</InstancePath>
<Position>4.992100795716258 0.19410226834779098 0.20000000000000018</Position>
<Axis>1.3340561396183155e-15 0 1.0000000000000009</Axis>
</ConstraintGeometry>
<ConstraintGeometry geomType="plane">
<InstancePath>
<Uid>Dwonboard:1</Uid>
</InstancePath>
<Position>0.80000000004251892 -3.7448278623401867 0</Position>
<Axis>-1.0000000000000062 0 0</Axis>
</ConstraintGeometry>
</Coincident>
<Coincident name="配合:31">
<ConstraintGeometry geomType="plane">
<InstancePath>
<Uid>Behindarm:2</Uid>
</InstancePath>
<Position>1.4395055856650272 0.94200363761765682 0</Position>
<Axis>1.0000000000000002 0 0</Axis>
</ConstraintGeometry>
<ConstraintGeometry geomType="plane">
<InstancePath>
<Uid>Dwonboard:1</Uid>
</InstancePath>
<Position>0.8000000000425127 -4.5448278623401892 0</Position>
<Axis>-7.8288608336755773e-15 -1.0000000000000002 0</Axis>
</ConstraintGeometry>
</Coincident>
<Coincident name="配合:35">
<ConstraintGeometry geomType="plane">
<InstancePath>
<Uid>Behindplate:1</Uid>
</InstancePath>
<Position>-1.7763568394002505e-15 0.79750000000003851 0</Position>
<Axis>-1.3340561396183163e-15 1.0000000000000009 0</Axis>
</ConstraintGeometry>
<ConstraintGeometry geomType="plane">
<InstancePath>
<Uid>Behindarm:2</Uid>
</InstancePath>
<Position>4.992100795716258 0.19410226834779098 0.20000000000000018</Position>
<Axis>1.3340561396183155e-15 0 1.0000000000000009</Axis>
</ConstraintGeometry>
</Coincident>
<Coincident name="配合:36">
<ConstraintGeometry geomType="plane">
<InstancePath>
<Uid>Behindarm:2</Uid>
</InstancePath>
<Position>9.5395055856650348 -0.01799636238220037 0</Position>
<Axis>-1.3883554893093919e-16 1.0000000000000024 0</Axis>
</ConstraintGeometry>
<ConstraintGeometry geomType="plane">
<InstancePath>
<Uid>Behindplate:1</Uid>
</InstancePath>
<Position>3.3657839437122181 -0.0011837535802736773 0.30000000000000071</Position>
<Axis>-1.4903020962504597e-16 0 1.0000000000000024</Axis>
</ConstraintGeometry>
</Coincident>
<Coincident name="配合:37">
<ConstraintGeometry geomType="plane">
<InstancePath>
<Uid>Behindarm:2</Uid>
</InstancePath>
<Position>8.0395055856650277 -0.31799636238220108 0</Position>
<Axis>1.0000000000000002 0 0</Axis>
</ConstraintGeometry>
<ConstraintGeometry geomType="plane">
<InstancePath>
<Uid>Behindplate:1</Uid>
</InstancePath>
<Position>-0.50000000000000178 0.79750000000003851 0</Position>
<Axis>1.0000000000000004 0 0</Axis>
</ConstraintGeometry>
</Coincident>
<Concentric name="插入:3">
<ConstraintGeometry geomType="circle">
<InstancePath>
<Uid>Tiltmodule_left:1</Uid>
</InstancePath>
<Position>4.1972505463120697 -0.47142131397413112 -17.493709700623974</Position>
<Axis>3.64361599039429e-16 1.000000000000002 3.5401071405024981e-16</Axis>
</ConstraintGeometry>
<ConstraintGeometry geomType="circle">
<InstancePath>
<Uid>Motor_base:2</Uid>
</InstancePath>
<Position>1.9999999999998277 0 0</Position>
<Axis>2.7214449966146542e-16 0 1.0000000000000135</Axis>
</ConstraintGeometry>
</Concentric>
<Coincident name="插入:3_Coincident">
<ConstraintGeometry geomType="plane">
<InstancePath>
<Uid>Tiltmodule_left:1</Uid>
</InstancePath>
<Position>4.1972505463120697 -0.47142131397413112 -17.493709700623974</Position>
<Axis>3.64361599039429e-16 1.000000000000002 3.5401071405024981e-16</Axis>
</ConstraintGeometry>
<ConstraintGeometry geomType="plane">
<InstancePath>
<Uid>Motor_base:2</Uid>
</InstancePath>
<Position>1.9999999999998277 0 0</Position>
<Axis>2.7214449966146542e-16 0 1.0000000000000135</Axis>
</ConstraintGeometry>
</Coincident>
<Concentric name="插入:4">
<ConstraintGeometry geomType="circle">
<InstancePath>
<Uid>Motor_base:2</Uid>
</InstancePath>
<Position>-2.4999999999997868 0 0</Position>
<Axis>2.7214449966146542e-16 0 1.0000000000000135</Axis>
</ConstraintGeometry>
<ConstraintGeometry geomType="circle">
<InstancePath>
<Uid>Tiltmodule_left:1</Uid>
</InstancePath>
<Position>-0.30274945368793205 -0.47142131397412929 -17.493709700623256</Position>
<Axis>3.64361599039429e-16 1.000000000000002 3.5401071405024981e-16</Axis>
</ConstraintGeometry>
</Concentric>
<Coincident name="插入:4_Coincident">
<ConstraintGeometry geomType="plane">
<InstancePath>
<Uid>Motor_base:2</Uid>
</InstancePath>
<Position>-2.4999999999997868 0 0</Position>
<Axis>2.7214449966146542e-16 0 1.0000000000000135</Axis>
</ConstraintGeometry>
<ConstraintGeometry geomType="plane">
<InstancePath>
<Uid>Tiltmodule_left:1</Uid>
</InstancePath>
<Position>-0.30274945368793205 -0.47142131397412929 -17.493709700623256</Position>
<Axis>3.64361599039429e-16 1.000000000000002 3.5401071405024981e-16</Axis>
</ConstraintGeometry>
</Coincident>
<Concentric name="插入:5">
<ConstraintGeometry geomType="circle">
<InstancePath>
<Uid>Tiltmodule_right:1</Uid>
</InstancePath>
<Position>4.9205216715036411 -2.8966531003287068 1.1000000121493443</Position>
<Axis>1.094473096358826e-15 1.0000000000000016 1.1799495152191707e-16</Axis>
</ConstraintGeometry>
<ConstraintGeometry geomType="circle">
<InstancePath>
<Uid>Motor_base:3</Uid>
</InstancePath>
<Position>2.0000000000000622 -3.5527136788005009e-15 0.20000000000000356</Position>
<Axis>0 -2.186769391767558e-16 -1.0000000000000178</Axis>
</ConstraintGeometry>
</Concentric>
<Coincident name="插入:5_Coincident">
<ConstraintGeometry geomType="plane">
<InstancePath>
<Uid>Tiltmodule_right:1</Uid>
</InstancePath>
<Position>4.9205216715036411 -2.8966531003287068 1.1000000121493443</Position>
<Axis>1.094473096358826e-15 1.0000000000000016 1.1799495152191707e-16</Axis>
</ConstraintGeometry>
<ConstraintGeometry geomType="plane">
<InstancePath>
<Uid>Motor_base:3</Uid>
</InstancePath>
<Position>2.0000000000000622 -3.5527136788005009e-15 0.20000000000000356</Position>
<Axis>0 -2.186769391767558e-16 -1.0000000000000178</Axis>
</ConstraintGeometry>
</Coincident>
<Concentric name="插入:6">
<ConstraintGeometry geomType="circle">
<InstancePath>
<Uid>Motor_base:3</Uid>
</InstancePath>
<Position>-2.5000000000000764 -1.7763568394002505e-15 0.20000000000000356</Position>
<Axis>0 -2.186769391767558e-16 -1.0000000000000178</Axis>
</ConstraintGeometry>
<ConstraintGeometry geomType="circle">
<InstancePath>
<Uid>Tiltmodule_right:1</Uid>
</InstancePath>
<Position>0.42052167150363751 -2.896653100328705 1.1000000121500566</Position>
<Axis>1.094473096358826e-15 1.0000000000000016 1.1799495152191707e-16</Axis>
</ConstraintGeometry>
</Concentric>
<Coincident name="插入:6_Coincident">
<ConstraintGeometry geomType="plane">
<InstancePath>
<Uid>Motor_base:3</Uid>
</InstancePath>
<Position>-2.5000000000000764 -1.7763568394002505e-15 0.20000000000000356</Position>
<Axis>0 -2.186769391767558e-16 -1.0000000000000178</Axis>
</ConstraintGeometry>
<ConstraintGeometry geomType="plane">
<InstancePath>
<Uid>Tiltmodule_right:1</Uid>
</InstancePath>
<Position>0.42052167150363751 -2.896653100328705 1.1000000121500566</Position>
<Axis>1.094473096358826e-15 1.0000000000000016 1.1799495152191707e-16</Axis>
</ConstraintGeometry>
</Coincident>
<Concentric name="插入:7">
<ConstraintGeometry geomType="circle">
<InstancePath>
<Uid>Frontshelf_right:1</Uid>
</InstancePath>
<Position>-1.7763568394002505e-15 0 -2.2204460492503131e-16</Position>
<Axis>2.62977851068265e-15 -1.1350292084975426e-15 1.0000000000000056</Axis>
</ConstraintGeometry>
<ConstraintGeometry geomType="circle">
<InstancePath>
<Uid>Motor_base:1</Uid>
</InstancePath>
<Position>-3.099999999999925 1.2020815280172208 0.20000000000000062</Position>
<Axis>0 1.0147242824964662e-16 -1.0000000000000029</Axis>
</ConstraintGeometry>
</Concentric>
<Coincident name="插入:7_Coincident">
<ConstraintGeometry geomType="plane">
<InstancePath>
<Uid>Frontshelf_right:1</Uid>
</InstancePath>
<Position>-1.7763568394002505e-15 0 -2.2204460492503131e-16</Position>
<Axis>2.62977851068265e-15 -1.1350292084975426e-15 1.0000000000000056</Axis>
</ConstraintGeometry>
<ConstraintGeometry geomType="plane">
<InstancePath>
<Uid>Motor_base:1</Uid>
</InstancePath>
<Position>-3.099999999999925 1.2020815280172208 0.20000000000000062</Position>
<Axis>0 1.0147242824964662e-16 -1.0000000000000029</Axis>
</ConstraintGeometry>
</Coincident>
<Concentric name="插入:8">
<ConstraintGeometry geomType="circle">
<InstancePath>
<Uid>Motor_base:1</Uid>
</InstancePath>
<Position>-3.099999999999925 -1.2020815280170964 0.20000000000000062</Position>
<Axis>0 1.0147242824964662e-16 -1.0000000000000029</Axis>
</ConstraintGeometry>
<ConstraintGeometry geomType="circle">
<InstancePath>
<Uid>Frontshelf_right:1</Uid>
</InstancePath>
<Position>-1.0658141036401503e-14 -2.4041630560343883 -2.2204460492503131e-16</Position>
<Axis>2.62977851068265e-15 -1.1350292084975426e-15 1.0000000000000056</Axis>
</ConstraintGeometry>
</Concentric>
<Coincident name="插入:8_Coincident">
<ConstraintGeometry geomType="plane">
<InstancePath>
<Uid>Motor_base:1</Uid>
</InstancePath>
<Position>-3.099999999999925 -1.2020815280170964 0.20000000000000062</Position>
<Axis>0 1.0147242824964662e-16 -1.0000000000000029</Axis>
</ConstraintGeometry>
<ConstraintGeometry geomType="plane">
<InstancePath>
<Uid>Frontshelf_right:1</Uid>
</InstancePath>
<Position>-1.0658141036401503e-14 -2.4041630560343883 -2.2204460492503131e-16</Position>
<Axis>2.62977851068265e-15 -1.1350292084975426e-15 1.0000000000000056</Axis>
</ConstraintGeometry>
</Coincident>
<Concentric name="插入:9">
<ConstraintGeometry geomType="circle">
<InstancePath>
<Uid>Frontshelf_left:1</Uid>
</InstancePath>
<Position>0 0 0</Position>
<Axis>-7.1256134336276439e-16 -1.7573798153320929e-16 1.000000000000004</Axis>
</ConstraintGeometry>
<ConstraintGeometry geomType="circle">
<InstancePath>
<Uid>Motor_base:4</Uid>
</InstancePath>
<Position>-3.1000000000004135 1.2020815280174233 0</Position>
<Axis>-1.38679864324608e-15 1.0545876817216507e-16 1.0000000000000131</Axis>
</ConstraintGeometry>
</Concentric>
<Coincident name="插入:9_Coincident">
<ConstraintGeometry geomType="plane">
<InstancePath>
<Uid>Frontshelf_left:1</Uid>
</InstancePath>
<Position>0 0 0</Position>
<Axis>-7.1256134336276439e-16 -1.7573798153320929e-16 1.000000000000004</Axis>
</ConstraintGeometry>
<ConstraintGeometry geomType="plane">
<InstancePath>
<Uid>Motor_base:4</Uid>
</InstancePath>
<Position>-3.1000000000004135 1.2020815280174233 0</Position>
<Axis>-1.38679864324608e-15 1.0545876817216507e-16 1.0000000000000131</Axis>
</ConstraintGeometry>
</Coincident>
<Concentric name="插入:10">
<ConstraintGeometry geomType="circle">
<InstancePath>
<Uid>Motor_base:4</Uid>
</InstancePath>
<Position>-3.1000000000005219 -1.2020815280172972 0</Position>
<Axis>-1.38679864324608e-15 1.0545876817216507e-16 1.0000000000000131</Axis>
</ConstraintGeometry>
<ConstraintGeometry geomType="circle">
<InstancePath>
<Uid>Frontshelf_left:1</Uid>
</InstancePath>
<Position>3.5527136788005009e-15 -2.4041630560343883 0</Position>
<Axis>-7.1256134336276439e-16 -1.7573798153320929e-16 1.000000000000004</Axis>
</ConstraintGeometry>
</Concentric>
<Coincident name="插入:10_Coincident">
<ConstraintGeometry geomType="plane">
<InstancePath>
<Uid>Motor_base:4</Uid>
</InstancePath>
<Position>-3.1000000000005219 -1.2020815280172972 0</Position>
<Axis>-1.38679864324608e-15 1.0545876817216507e-16 1.0000000000000131</Axis>
</ConstraintGeometry>
<ConstraintGeometry geomType="plane">
<InstancePath>
<Uid>Frontshelf_left:1</Uid>
</InstancePath>
<Position>3.5527136788005009e-15 -2.4041630560343883 0</Position>
<Axis>-7.1256134336276439e-16 -1.7573798153320929e-16 1.000000000000004</Axis>
</ConstraintGeometry>
</Coincident>
<Concentric name="插入:11">
<ConstraintGeometry geomType="circle">
<InstancePath>
<Uid>Behindshelf:1</Uid>
</InstancePath>
<Position>-7.6009217298586389e-12 -0.99999681674296248 0</Position>
<Axis>0 1.3883550475363415e-16 1.0000000000000024</Axis>
</ConstraintGeometry>
<ConstraintGeometry geomType="circle">
<InstancePath>
<Uid>Dwonboard:1</Uid>
</InstancePath>
<Position>-3.7158793832493388e-14 -4.7448278622975515 0.20000000000000129</Position>
<Axis>0 -1.7325160479914451e-16 -1.0000000000000062</Axis>
</ConstraintGeometry>
</Concentric>
<Coincident name="插入:11_Coincident">
<ConstraintGeometry geomType="plane">
<InstancePath>
<Uid>Behindshelf:1</Uid>
</InstancePath>
<Position>-7.6009217298586389e-12 -0.99999681674296248 0</Position>
