% %time
% tt = 106;
% t0 = 0;%³õÊ¼
% t0_1 = 4;%Æð·É
% t1 = t0+t0_1;
% t1_2 = 2;%¿¿½üÔ²È¦
% t2 = t1+t1_2;
% t2_3 = 2;%ÐüÍ£
% t3 = t2+t2_3;
% t3_4 = 10;%1/2Ô²È¦
% t4 = t3+t3_4;
% t4_5 = 10;%2/2Ô²È¦
% t5 = t4+t4_5;
% t5_6 = 10;%3/2Ô²È¦
% t6 = t5+t5_6;
% t6_7 = 10;%4/2Ô²È¦
% t7 = t6+t6_7;
% t7_8 = 6;%¿¿½üÎÝ¶¥
% t8 = t7+t7_8;
% t8_9 = 2;%ÐüÍ£
% t9 = t8+t8_9;
% t9_10 = 8;%ÎÝ¶¥1
% t10 = t9+t9_10;
% t10_11 = 3;%ÐüÍ£
% t11 = t10+t10_11;
% t11_12 = 8;%ÎÝ¶¥2
% t12 = t11+t11_12;
% t12_13 = 2;%ÐüÍ£
% t13 = t12+t12_13;
% t13_14 = 8;%ÎÝ¶¥3
% t14 = t13+t13_14;
% t14_15 = 2;%ÐüÍ£
% t15 = t14+t14_15;
% t15_16 = 8;%ÎÝ¶¥4
% t16 = t15+t15_16;
% t16_17 = 3;%ÐüÍ£
% t17 = t16+t16_17;
% t17_18 = 8;%ÎÝ¶¥5
% t18 = t17+t17_18;
% t18_19 = 2;%ÐüÍ£
% t19 = t18+t18_19;
% t19_20 = 10;%ÎÝ¶¥6
% t20 = t19+t19_20;
% t20_21 = 2;%ÐüÍ£
% t21 = t20+t20_21;
% t21_22 = 2;%½µÂä
% t22 = t21+t21_22;
% 
% t = 0:0.01:57;
% %x 0.*(t>=0 & t<=t1)-1*(t-t1).*(t>=t1 & t<t2)-1.*(t>=t2 & t<t3)
% x = (-3+3*cos(pi/10*(t-t3))).*(t>=t3 & t<t4)+(-9+3*cos(-pi/10*(t-t4))).*(t>=t4 & t<t6)+(-3+3*cos(-pi+pi/10*(t-t6))).*(t>=t6 & t<t7);
% %y
% y = 0.*(t>=0 & t<t3)+3*sin(pi/10*(t-t3)).*(t>=t3 & t<t7)+0.*(t>=t7 & t<t22);
% %z
% % z = 1*t.*(x>=0 & x<=t1)+2.*(x>=t1 & x<=t10)+(2+);

%time
t0 = 0;%³õÊ¼
t0_1 = 2;%Æð·É
t1 = t0+t0_1;
t1_2 = 2;%ÐüÍ£
t2 = t1+t1_2;
t2_3 = 2;%¿¿½üÔ²¶¥
t3 = t2+t2_3+2;
t3_4 = 12;%Ô²È¦ 3/4 
t4 = t3+t3_4;
t4_5 = 2;%ÐüÍ£
t5 = t4+t4_5;
t5_6 = 2;%¿¿½üÎÝ¶¥
t6 = t5+t5_6;
t6_7 = 2;%ÐüÍ£
t7 = t6+t6_7;
t7_8 = 2;%ÎÝ¶¥1
t8 = t7+t7_8;
t8_9 = 3;%ÐüÍ£
t9 = t8+t8_9;
t9_10 = 6;%ÎÝ¶¥2
t10 = t9+t9_10;
t10_11 = 3;%ÐüÍ£
t11 = t10+t10_11;
t11_12 = 6;%ÎÝ¶¥3
t12 = t11+t11_12;
t12_13 = 3;%ÐüÍ£
t13 = t12+t12_13;
t13_14 = 4;%ÎÝ¶¥4
t14 = t13+t13_14;
t14_15 = 3;%ÐüÍ£
t15 = t14+t14_15;
t15_16 = 6;%ÎÝ¶¥5
t16 = t15+t15_16;
t16_17 = 3;%ÐüÍ£
t17 = t16+t16_17;
t17_18 = 6;%ÎÝ¶¥6
t18 = t17+t17_18;
t18_19 = 2;%ÐüÍ£
t19 = t18+t18_19;
t19_20 = 2;%¿¿½ü½µÂäµã
t20 = t19+t19_20;
t20_21 = 2;%ÐüÍ£
t21 = t20+t20_21;
t21_22 = 2;%½µÂä
t22 = t21+t21_22;


t = 0:0.01:54;
%x 0.*(t>=0 & t<=t1)-1*(t-t1).*(t>=t1 & t<t2)-1.*(t>=t2 & t<t3)
x = (-3+3*cos(-pi/8*(t-t3))).*(t>=t3 & t<t11);%+(-3+t-t4).*(t>=t4 & t<t4+3);%-4.*(t>=t4 & t<t7)+(-4-3/2*(t-t7)).*(t>=t7 & t<t8)-7.*(t>=t8 & t<t13)+(-7+3/2*(t-t13)).*(t>=t3 & t<t14)
%y
%y = 3*sin(-pi/8*(t-t3)).*(t>=t3 & t<t11);%+(3-3*(t-t4)).*(t>=t4 & t<t4+1);
y = (3*sin(-pi/8*(t-t3))).*(t>=t3 & t<t11)+0.*(t>=t11 & t<52);%+(3-3*(t-t4)).*(t>=t4 & t<t4+1);
%z

%dx
%dx = 6*pi/16*cos(3/2*pi-2*pi/16*(t-t3)).*(t>=t3 & t<t11)+0.*(t>=t11 & t<t11+2)+0.75.*(t>=t11+2 & t<t11+4)+0.*(t>=t11+4 & t<t11+14);
%dy = 6*pi/16*sin(3/2*pi-2*pi/16*(t-t3)).*(t>=t3 & t<t11)+().*(t>=t11 & t<t11+2)+0.*(t>=t11 & t<t11+7)-0.8.*(t>=t11+7 & t<t11+12)+0.*(t>=t11+12 & t<t11+14);

% t = 0:0.01:50;
% %x 0.*(t>=0 & t<=t1)-1*(t-t1).*(t>=t1 & t<t2)-1.*(t>=t2 & t<t3)
% x = 0.*(t>=0 & t<t2)+(-0.5)*(t-t2).*(t>=0 & t<t2)+(-3+3*cos(-pi/8*(t-t3))).*(t>=t3 & t<t11)-1.*(t>=42 & t<t11)+(-1+0.5*(t-42)).*(t>=42 & t<44)+0.*(t>=42 & t<=50);%+(-3+t-t4).*(t>=t4 & t<t4+3);%-4.*(t>=t4 & t<t7)+(-4-3/2*(t-t7)).*(t>=t7 & t<t8)-7.*(t>=t8 & t<t13)+(-7+3/2*(t-t13)).*(t>=t3 & t<t14)
% %y
% %y = 3*sin(-pi/8*(t-t3)).*(t>=t3 & t<t11);%+(3-3*(t-t4)).*(t>=t4 & t<t4+1);
% y = 0.*(t>=0 & t<t2)+3*sin(-pi/8*(t-t3)).*(t>=t3 & t<t11)+0.*(t>=t11 & t<=50);%+(3-3*(t-t4)).*(t>=t4 & t<t4+1);
% %z

%%%%%%%%%%%%%%%%%%%%%%%%%%%%%%%%%%%%%%%%%%%%%%%%%%%%%%%%%%%%%%%%%%%%%%%%%%%%%%%%%%%%%%%%%%%%%%%%%%%%%%%%%%%%%%%%%%%%%%%%%%%%%%%%%%%%
% t = 0:0.01:t22;
% %x 0.*(t>=0 & t<=t1)-1*(t-t1).*(t>=t1 & t<t2)-1.*(t>=t2 & t<t3)
% x = (-3+3*cos(-pi/8*(t-t3))).*(t>=t3 & t<t4)+(-3+t-t4).*(t>=t4 & t<t4+3);%-4.*(t>=t4 & t<t7)+(-4-3/2*(t-t7)).*(t>=t7 & t<t8)-7.*(t>=t8 & t<t13)+(-7+3/2*(t-t13)).*(t>=t3 & t<t14)
% %y
% y = 3*sin(-pi/8*(t-t3)).*(t>=t3 & t<t4)+(3-3*(t-t4)).*(t>=t4 & t<t4+1);
% %z
% % z = 1*t.*(x>=0 & x<=t1)+2.*(x>=t1 & x<=t10)+(2+);

